%YAML:1.0
---
model_type: PINHOLE
camera_name: camera
image_width: 640
image_height: 480
distortion_parameters:
   k1: 0.0
   k2: 0.0
   p1: 0.0
   p2: 0.0
projection_parameters:
   fx: 605.0994873046875
   fy: 605.157470703125
   cx: 330.91290283203125
   cy: 243.3811798095703
